899.642	2391.65
901.267	2412.39
902.891	2380.24
904.516	2417.58
906.14	2390.61
907.765	2388.54
909.389	2380.24
911.014	2400.99
912.638	2426.91
914.263	2384.39
915.887	2369.87
917.511	2431.06
919.136	2403.06
920.76	2354.31
922.384	2412.39
924.008	2409.28
925.632	2383.35
927.257	2397.87
928.881	2410.32
930.505	2415.51
932.129	2351.2
933.753	2417.58
935.377	2360.54
937.001	2416.54
938.625	2358.46
940.249	2404.1
941.873	2384.39
943.496	2385.43
945.12	2386.47
946.744	2405.13
948.368	2378.17
949.991	2422.77
951.615	2348.09
953.238	2415.51
954.862	2394.76
956.485	2415.51
958.109	2346.02
959.732	2411.36
961.356	2392.69
962.979	2398.91
964.602	2390.61
966.226	2377.13
967.849	2405.13
969.472	2389.58
971.095	2398.91
972.718	2359.5
974.341	2409.28
975.964	2395.8
977.587	2354.31
979.21	2399.95
980.833	2397.87
982.456	2402.02
984.078	2361.57
985.701	2407.21
987.324	2387.5
988.946	2387.5
990.569	2386.47
992.191	2402.02
993.814	2335.65
995.436	2431.06
997.059	2393.73
998.681	2418.62
1000.303	2412.39
1001.925	2450.77
1003.547	2352.24
1005.169	2415.51
1006.791	2446.62
1008.413	2452.84
1010.035	2411.36
1011.657	2459.07
1013.279	2416.54
1014.901	2481.88
1016.522	2506.77
1018.144	2834.51
1019.765	3834.32
1021.387	6290.27
1023.008	8226.62
1024.63	7464.32
1026.251	5527.97
1027.872	4828.94
1029.493	3883.06
1031.114	3064.76
1032.735	2643.68
1034.356	2515.07
1035.977	2378.17
1037.598	2361.57
1039.219	2414.47
1040.839	2381.28
1042.46	2422.77
1044.081	2432.1
1045.701	2358.46
1047.322	2402.02
1048.942	2389.58
1050.562	2381.28
1052.182	2384.39
1053.802	2377.13
1055.423	2353.28
1057.042	2381.28
1058.662	2400.99
1060.282	2402.02
1061.902	2346.02
1063.522	2393.73
1065.141	2392.69
1066.761	2350.17
1068.38	2371.95
1070	2395.8
1071.619	2379.21
1073.238	2384.39
1074.857	2349.13
1076.476	2419.65
1078.095	2374.02
1079.714	2421.73
1081.333	2371.95
1082.952	2398.91
1084.57	2292.09
1086.189	2424.84
1087.807	2306.61
1089.426	2419.65
1091.044	2347.05
1092.662	2392.69
1094.281	2364.69
1095.899	2382.32
1097.517	2385.43
1099.134	2400.99
1100.752	2371.95
1102.37	2407.21
1103.988	2338.76
1105.605	2393.73
1107.223	2364.69
1108.84	2406.17
1110.457	2385.43
1112.074	2400.99
1113.691	2384.39
1115.308	2377.13
1116.925	2377.13
1118.542	2385.43
1120.159	2347.05
1121.775	2428.99
1123.392	2302.46
1125.008	2374.02
1126.625	2363.65
1128.241	2383.35
1129.857	2350.17
1131.473	2406.17
1133.089	2344.98
1134.705	2393.73
1136.32	2369.87
1137.936	2418.62
1139.552	2341.87
1141.167	2390.61
1142.782	2330.46
1144.398	2396.84
1146.013	2343.94
1147.628	2437.29
1149.243	2356.39
1150.857	2365.72
1152.472	2339.79
1154.087	2416.54
1155.701	2335.65
1157.316	2421.73
1158.93	2294.16
1160.544	2416.54
1162.158	2304.53
1163.772	2406.17
1165.386	2322.16
1167	2436.25
1168.613	2332.53
1170.227	2400.99
1171.84	2379.21
1173.453	2375.06
1175.067	2366.76
1176.68	2376.09
1178.293	2327.35
1179.905	2403.06
1181.518	2381.28
1183.131	2385.43
1184.743	2382.32
1186.356	2375.06
1187.968	2342.91
1189.58	2426.91
1191.192	2415.51
1192.804	2375.06
1194.416	2329.42
1196.027	2356.39
1197.639	2384.39
1199.25	2378.17
1200.862	2380.24
1202.473	2351.2
1204.084	2369.87
1205.695	2336.68
1207.306	2368.83
1208.916	2413.43
1210.527	2274.45
1212.137	2445.58
1213.748	2342.91
1215.358	2422.77
1216.968	2363.65
1218.578	2392.69
1220.188	2331.5
1221.797	2381.28
1223.407	2381.28
1225.016	2399.95
1226.626	2364.69
1228.235	2353.28
1229.844	2404.1
1231.453	2374.02
1233.061	2346.02
1234.67	2382.32
1236.279	2357.43
1237.887	2396.84
1239.495	2329.42
1241.103	2352.24
1242.711	2341.87
1244.319	2411.36
1245.927	2334.61
1247.534	2419.65
1249.142	2343.94
1250.749	2382.32
1252.356	2387.5
1253.963	2321.13
1255.57	2372.98
1257.177	2410.32
1258.783	2314.9
1260.39	2422.77
1261.996	2312.83
1263.602	2411.36
1265.208	2339.79
1266.814	2405.13
1268.42	2377.13
1270.025	2359.5
1271.631	2342.91
1273.236	2400.99
1274.841	2377.13
1276.446	2388.54
1278.051	2368.83
1279.656	2398.91
1281.26	2376.09
1282.865	2329.42
1284.469	2372.98
1286.073	2389.58
1287.677	2421.73
1289.281	2368.83
1290.885	2331.5
1292.488	2448.69
1294.091	2332.53
1295.695	2378.17
1297.298	2357.43
1298.901	2358.46
1300.503	2364.69
1302.106	2355.35
1303.708	2444.55
1305.311	2365.72
1306.913	2413.43
1308.515	2369.87
1310.117	2349.13
1311.718	2381.28
1313.32	2341.87
1314.921	2426.91
1316.522	2329.42
1318.123	2395.8
1319.724	2379.21
1321.325	2371.95
1322.925	2382.32
1324.526	2394.76
1326.126	2327.35
1327.726	2378.17
1329.326	2357.43
1330.925	2369.87
1332.525	2387.5
1334.124	2359.5
1335.724	2387.5
1337.323	2372.98
1338.921	2371.95
1340.52	2364.69
1342.119	2361.57
1343.717	2410.32
1345.315	2357.43
1346.913	2342.91
1348.511	2360.54
1350.109	2398.91
1351.706	2378.17
1353.304	2353.28
1354.901	2334.61
1356.498	2448.69
1358.095	2337.72
1359.691	2339.79
1361.288	2453.88
1362.884	2339.79
1364.48	2344.98
1366.076	2389.58
1367.672	2333.57
1369.268	2409.28
1370.863	2341.87
1372.458	2374.02
1374.053	2357.43
1375.648	2325.27
1377.243	2436.25
1378.837	2344.98
1380.432	2342.91
1382.026	2381.28
1383.62	2381.28
1385.214	2381.28
1386.807	2341.87
1388.401	2418.62
1389.994	2354.31
1391.587	2391.65
1393.18	2290.01
1394.773	2474.62
1396.365	2307.64
1397.957	2407.21
1399.549	2357.43
1401.141	2376.09
1402.733	2370.91
1404.325	2339.79
1405.916	2381.28
1407.507	2342.91
1409.098	2371.95
1410.689	2344.98
1412.28	2418.62
1413.87	2337.72
1415.46	2357.43
1417.05	2396.84
1418.64	2268.23
1420.23	2440.4
1421.819	2384.39
1423.408	2391.65
1424.997	2315.94
1426.586	2380.24
1428.175	2368.83
1429.763	2390.61
1431.352	2330.46
1432.94	2393.73
1434.527	2370.91
1436.115	2408.25
1437.703	2350.17
1439.29	2384.39
1440.877	2334.61
1442.464	2379.21
1444.05	2365.72
1445.637	2421.73
1447.223	2355.35
1448.809	2371.95
1450.395	2348.09
1451.981	2393.73
1453.566	2360.54
1455.151	2336.68
1456.736	2334.61
1458.321	2408.25
1459.906	2346.02
1461.49	2379.21
1463.074	2375.06
1464.658	2342.91
1466.242	2371.95
1467.825	2395.8
1469.409	2283.79
1470.992	2385.43
1472.575	2371.95
1474.157	2389.58
1475.74	2381.28
1477.322	2394.76
1478.904	2304.53
1480.486	2377.13
1482.068	2398.91
1483.649	2286.9
1485.23	2387.5
1486.811	2403.06
1488.392	2350.17
1489.972	2388.54
1491.553	2347.05
1493.133	2396.84
1494.713	2355.35
1496.292	2361.57
1497.872	2398.91
1499.451	2394.76
1501.03	2348.09
1502.609	2400.99
1504.187	2347.05
1505.766	2397.87
1507.344	2318.01
1508.922	2410.32
1510.499	2344.98
1512.077	2424.84
1513.654	2281.71
1515.231	2446.62
1516.808	2329.42
1518.384	2371.95
1519.96	2367.8
1521.536	2335.65
1523.112	2361.57
1524.688	2399.95
1526.263	2377.13
1527.838	2320.09
1529.413	2382.32
1530.988	2411.36
1532.562	2334.61
1534.137	2378.17
1535.711	2361.57
1537.284	2378.17
1538.858	2375.06
1540.431	2349.13
1542.004	2334.61
1543.577	2419.65
1545.149	2271.34
1546.722	2387.5
1548.294	2352.24
1549.866	2398.91
1551.437	2355.35
1553.009	2394.76
1554.58	2354.31
1556.151	2338.76
1557.721	2398.91
1559.292	2331.5
1560.862	2383.35
1562.432	2350.17
1564.001	2390.61
1565.571	2339.79
1567.14	2329.42
1568.709	2377.13
1570.277	2324.24
1571.846	2386.47
1573.414	2350.17
1574.982	2381.28
1576.55	2359.5
1578.117	2405.13
1579.684	2350.17
1581.251	2382.32
1582.818	2374.02
1584.384	2354.31
1585.951	2369.87
1587.517	2376.09
1589.082	2324.24
1590.648	2409.28
1592.213	2347.05
1593.778	2380.24
1595.343	2339.79
1596.907	2361.57
1598.471	2346.02
1600.035	2377.13
1601.599	2342.91
1603.162	2384.39
1604.725	2341.87
1606.288	2417.58
1607.851	2340.83
1609.413	2386.47
1610.975	2340.83
1612.537	2427.95
1614.099	2320.09
1615.66	2404.1
1617.221	2338.76
1618.782	2344.98
1620.342	2404.1
1621.903	2363.65
1623.463	2307.64
1625.022	2353.28
1626.582	2392.69
1628.141	2318.01
1629.7	2406.17
1631.259	2382.32
1632.817	2335.65
1634.375	2362.61
1635.933	2407.21
1637.491	2332.53
1639.048	2369.87
1640.605	2360.54
1642.162	2331.5
1643.719	2361.57
1645.275	2385.43
1646.831	2378.17
1648.387	2322.16
1649.942	2423.8
1651.497	2330.46
1653.052	2388.54
1654.607	2360.54
1656.161	2375.06
1657.715	2357.43
1659.269	2336.68
1660.822	2395.8
1662.376	2397.87
1663.929	2360.54
1665.481	2364.69
1667.034	2357.43
1668.586	2369.87
1670.138	2351.2
1671.689	2411.36
1673.24	2332.53
1674.791	2361.57
1676.342	2395.8
1677.893	2392.69
1679.443	2362.61
1680.993	2393.73
1682.542	2359.5
1684.091	2378.17
1685.64	2363.65
1687.189	2327.35
1688.738	2396.84
1690.286	2411.36
1691.834	2318.01
1693.381	2368.83
1694.928	2381.28
1696.475	2386.47
1698.022	2334.61
1699.569	2360.54
1701.115	2349.13
1702.661	2344.98
1704.206	2393.73
1705.751	2349.13
1707.296	2383.35
1708.841	2355.35
1710.385	2349.13
1711.929	2384.39
1713.473	2282.75
1715.017	2374.02
